--------------------
(1,1) 41023101
(1,2) 41023102
(1,3) 41023103
(1,4) 41023104
(1,5) 41023105
(1,6) 41023106
(1,7) 41023107
(1,8) 41023108
(1,9) 41023109
--------------------
(2,1) 41023110
(2,2) 41023111
(2,3) 41023112
(2,4) 41023113
(2,5) 41023114
(2,6) 41023115
(2,7) 41023116
(2,8) 41023117
(2,9) 41023118
--------------------
(3,1) 41023119
(3,2) 41023120
(3,3) 41023121
(3,4) 41023122
(3,5) 41023123
(3,6) 41023124
(3,7) 41023125
(3,8) 41023126
(3,9) 41023127
--------------------
(4,1) 41023128
(4,2) 41023129
(4,3) 41023130
(4,4) 41023131
(4,5) 41023132
(4,6) 41023133
(4,7) 41023134
(4,8) 41023135
(4,9) 41023136
--------------------
(5,1) 41023137
(5,2) 41023138
(5,3) 41023139
(5,4) 41023140
(5,5) 41023141
(5,6) 41023142
(5,7) 41023143
(5,8) 41023144
(5,9) 41023145
--------------------
(6,1) 41023146
(6,2) 41023147
(6,3) 41023148
(6,4) 41023149
(6,5) 41023150
(6,6) 41023151
(6,7) 41023152
(6,8) 41023153
(6,9) 41023154
--------------------
(7,1) 41036115
(7,2) 40727140
(7,3) 40823214
(7,4) 40823227
(7,5) 40832244
(7,6) 40923114
(7,7) 40923115
(7,8) 40923129
(7,9) 40923146
--------------------
(8,1) 40923157

